price,volRemaining,typeID,range,orderID,volEntered,minVolume,bid,issued,duration,stationID,regionID,solarSystemID,jumps,
8.0,13.0,1230,32767,1962420282,13,1,False,2011-03-19 19:04:23.000,90,60001408,10000064,30004973,4,
8.5,944708.0,1230,32767,1963812453,945707,1,False,2011-03-20 19:47:14.000,7,60003280,10000064,30005002,6,
8.9,156054.0,1230,32767,1956900973,167043,1,False,2011-03-14 20:08:42.000,14,60005512,10000064,30005018,5,
8.9,193.0,1230,32767,1962258564,193,1,False,2011-03-19 16:49:08.000,1,60012010,10000064,30004970,4,
9.9,5551573.0,1230,32767,1950373651,5560570,1,False,2011-03-09 14:51:12.000,14,60010906,10000064,30004967,5,
10.0,102714.0,1230,32767,1917174570,176568,1,False,2011-02-11 21:39:26.000,90,60011965,10000064,30005026,0,
10.0,67008.0,1230,32767,1928981550,97998,1,False,2011-02-20 17:33:24.000,90,60012607,10000064,30005001,6,
10.0,1136.0,1230,32767,1932236659,1136,1,False,2011-02-23 01:12:03.000,90,60012607,10000064,30005001,6,
10.0,78298.0,1230,32767,1960705341,97280,1,False,2011-03-18 09:10:28.000,90,60009649,10000064,30004969,5,
10.01,72415.0,1230,32767,1957182543,80408,1,False,2011-03-15 00:21:40.000,30,60009646,10000064,30004968,6,
10.13,12140.0,1230,32767,1956759469,35378,1,False,2011-03-14 18:04:16.000,30,60015029,10000064,30014971,6,
10.45,16259.0,1230,32767,1962342525,16259,1,False,2011-03-19 17:59:30.000,1,60012607,10000064,30005001,6,
10.5,439549.0,1230,32767,1787188412,1000000,1,False,2011-02-28 21:23:24.000,90,60011080,10000064,30005019,5,
8.45,13977167.0,1230,-1,1961228816,20000000,1,True,2011-03-18 20:17:46.000,90,60011734,10000064,30004972,5,
8.45,2074606.0,1230,-1,1961475520,10000000,1,True,2011-03-19 00:04:20.000,90,60012607,10000064,30005001,6,
8.4,173283694.0,1230,3,1917881187,250000000,1000,True,2011-03-16 17:59:30.000,90,60010720,10000064,30005025,1,
8.31,13923725.0,1230,2,1941342969,30000000,999,True,2011-03-16 15:06:05.000,90,60010720,10000064,30005025,1,
8.26,1327986.0,1230,-1,1954924990,12000000,1,True,2011-03-13 07:16:47.000,90,60012607,10000064,30005001,6,
8.02,1484709.0,1230,-1,1962598711,2000000,1,True,2011-03-20 20:19:21.000,90,60015029,10000064,30014971,6,
8.01,14357263.0,1230,0,1829066395,20000000,1,True,2011-03-14 14:36:37.000,90,60011590,10000064,30005019,5,
8.0,4401629.0,1230,0,1946708701,5000000,1,True,2011-03-06 14:26:42.000,14,60014542,10000064,30004976,5,
8.0,24998699.0,1230,-1,1951265576,25000000,1,True,2011-03-10 07:15:09.000,90,60009925,10000064,30004995,2,
8.0,89795699.0,1230,1,1911472520,100000000,1000,True,2011-03-10 07:23:44.000,90,60010678,10000064,30004987,4,
7.92,2326354.0,1230,-1,1960322723,3000000,1,True,2011-03-20 17:58:44.000,90,60015029,10000064,30014971,6,
7.91,98805893.0,1230,3,1963045413,100000000,1,True,2011-03-20 06:18:46.000,90,60011749,10000064,30004967,5,
7.84,12000000.0,1230,-1,1961307662,12000000,1,True,2011-03-18 21:27:38.000,90,60012607,10000064,30005001,6,
7.77,761240.0,1230,-1,1942533828,8643251,1,True,2011-03-17 15:21:38.000,90,60014689,10000064,30004971,5,
7.75,18168720.0,1230,1,1962254164,20000000,1,True,2011-03-19 16:45:34.000,90,60009163,10000064,30004974,5,
7.66,12978730.0,1230,-1,1954580246,13000000,1,True,2011-03-18 12:56:09.000,7,60011740,10000064,30004969,5,
7.64,3916219.0,1230,0,1957842467,4000000,1,True,2011-03-15 17:29:33.000,90,60011740,10000064,30004969,5,
7.54,19785853.0,1230,0,1881037178,20000000,1,True,2011-03-07 15:51:54.000,90,60010375,10000064,30005019,5,
7.54,568197.0,1230,0,1700636461,16000000,1,True,2011-03-07 15:52:08.000,90,60010375,10000064,30005019,5,
7.52,957220.0,1230,1,1946319410,1000000,1,True,2011-03-06 06:39:54.000,90,60009460,10000064,30005027,1,
7.5,340461.0,1230,0,1943319424,2000000,1,True,2011-03-03 22:10:45.000,30,60003265,10000064,30004969,5,
7.46,2415065.0,1230,0,1960860027,10000000,1,True,2011-03-20 14:46:34.000,30,60010207,10000064,30005017,6,
7.45,942442.0,1230,4,1960747672,9000000,1,True,2011-03-19 15:33:54.000,90,60011740,10000064,30004969,5,
7.43,7468504.0,1230,0,1953524166,10000000,1,True,2011-03-12 06:50:22.000,90,60009646,10000064,30004968,6,
7.42,26328281.0,1230,-1,1693843134,38000000,1,True,2011-03-10 00:53:53.000,90,60009646,10000064,30004968,6,
7.41,55163744.0,1230,0,1882868951,80000000,1,True,2011-03-07 15:16:44.000,90,60010780,10000064,30004968,6,
7.41,59160873.0,1230,0,1891310672,80000000,1,True,2011-03-07 15:40:30.000,90,60010906,10000064,30004967,5,
7.37,19999975.0,1230,0,1941747143,20000000,1,True,2011-03-05 09:45:14.000,90,60009805,10000064,30004976,5,
7.35,1753986.0,1230,-1,1952797600,5000000,1,True,2011-03-11 17:33:13.000,90,60015049,10000064,30005015,6,
7.31,17140071.0,1230,-1,1941689160,20000000,1,True,2011-03-02 15:18:29.000,90,60009646,10000064,30004968,6,
7.25,3000000.0,1230,-1,1928752811,3000000,1,True,2011-02-20 14:49:39.000,90,60011740,10000064,30004969,5,
7.21,29420281.0,1230,0,1814376539,33000000,1,True,2011-03-07 15:45:38.000,90,60011092,10000064,30005016,6,
7.01,29999811.0,1230,0,1920383953,30000000,1,True,2011-03-17 16:48:22.000,90,60010207,10000064,30005017,6,
7.0,16417518.0,1230,0,1941750043,17000000,1,True,2011-03-02 16:26:40.000,90,60009811,10000064,30004973,4,
7.0,46629000.0,1230,0,1869020197,60000000,1,True,2011-03-06 14:58:44.000,90,60010213,10000064,30005018,5,
7.0,2911860.0,1230,3,1958350365,5000000,1,True,2011-03-16 01:38:39.000,90,60015031,10000064,30034971,7,
7.0,5000000.0,1230,2,1958357995,5000000,1,True,2011-03-16 01:48:33.000,90,60012010,10000064,30004970,4,
6.41,12141103.0,1230,0,1726974119,40000000,1,True,2011-02-23 16:27:20.000,90,60010783,10000064,30004969,5,
6.34,1086637.0,1230,0,1901516770,2000000,1,True,2011-02-18 23:05:12.000,90,60005509,10000064,30005017,6,
6.3,11909070.0,1230,32767,1915095427,20000000,1,True,2011-02-15 18:22:32.000,90,60011740,10000064,30004969,5,
6.21,8833.0,1230,32767,1963583200,8833,1,True,2011-03-20 16:55:23.000,90,60011734,10000064,30004972,5,
6.07,15738862.0,1230,3,1873154119,55000000,1,True,2011-01-11 00:06:18.000,90,60011749,10000064,30004967,5,
6.0199,8630340.0,1230,3,1851886798,50000000,1,True,2010-12-29 20:46:44.000,90,60011749,10000064,30004967,5,
5.9,4857723.0,1230,-1,1787907320,5000000,1,True,2011-02-14 01:40:03.000,90,60011935,10000064,30004993,1,
5.8,100000.0,1230,-1,1959239821,100000,1,True,2011-03-16 21:47:25.000,30,60003280,10000064,30005002,6,
4.54,28055.0,1230,0,1902754634,500000,1,True,2011-01-31 21:06:11.000,90,60012607,10000064,30005001,6,
4.5,9789419.0,1230,-1,1860711747,10000000,1,True,2010-12-30 21:41:00.000,90,60005230,10000064,30005021,5,
4.01,901429.0,1230,-1,1901466028,1000000,1,True,2011-01-30 22:07:23.000,90,60001408,10000064,30004973,4,
4.0,457359.0,1230,1,1854107431,1000000,1,True,2010-12-25 19:04:53.000,90,60001408,10000064,30004973,4,
4.0,980717.0,1230,1,1854890554,1000000,1,True,2010-12-26 12:03:15.000,90,60006796,10000064,30004983,5,
3.66,3102748.0,1230,5,1821656320,5000000,1,True,2011-02-09 23:39:00.000,90,60009655,10000064,30004969,5,
3.49,3361007.0,1230,32767,1721568720,10000000,1,True,2011-01-11 18:58:12.000,90,60011740,10000064,30004969,5,
3.0,333333.0,1230,32767,1962270396,333333,1,True,2011-03-19 16:59:00.000,90,60001402,10000064,30004976,5,
1.0,3000000.0,1230,32767,1963403822,3000000,1000000,True,2011-03-20 14:27:21.000,3,60011311,10000064,30004972,5,
