price,volRemaining,typeID,range,orderID,volEntered,minVolume,bid,issued,duration,stationID,regionID,solarSystemID,jumps,
269749998.0,1.0,29668,32767,1411339038,1,1,False,2009-12-26 02:52:35.000,90,60015016,10000032,30042715,7,
269749999.0,2.0,29668,32767,1410951477,2,1,False,2009-12-25 20:27:12.000,90,60012040,10000032,30002665,9,
269749999.0,1.0,29668,32767,1411339258,2,1,False,2009-12-26 02:52:50.000,90,60011875,10000032,30002655,3,
269899000.0,1.0,29668,32767,1411398987,1,1,False,2009-12-26 04:11:04.000,90,60011866,10000032,30002659,4,
269989999.99,1.0,29668,32767,1410224545,1,1,False,2009-12-25 03:53:00.000,90,60009676,10000032,30002658,5,
270000000.0,1.0,29668,32767,1410140476,1,1,False,2009-12-25 01:46:30.000,1,60011980,10000032,30002660,4,
270000000.0,2.0,29668,32767,1411287259,4,1,False,2009-12-26 01:49:12.000,30,60011866,10000032,30002659,4,
270898000.0,1.0,29668,32767,1410323608,1,1,False,2009-12-25 06:32:55.000,90,60005191,10000032,30002704,7,
274989000.0,1.0,29668,32767,1411398689,1,1,False,2009-12-26 04:10:41.000,90,60011866,10000032,30002659,4,
274990000.0,1.0,29668,32767,1411398139,1,1,False,2009-12-26 04:10:02.000,90,60011866,10000032,30002659,4,
274991000.0,1.0,29668,32767,1411397832,1,1,False,2009-12-26 04:09:39.000,90,60011866,10000032,30002659,4,
274992000.0,1.0,29668,32767,1411397509,1,1,False,2009-12-26 04:09:13.000,90,60011866,10000032,30002659,4,
274993000.0,1.0,29668,32767,1411397286,1,1,False,2009-12-26 04:08:54.000,90,60011866,10000032,30002659,4,
274994000.0,1.0,29668,32767,1411396973,1,1,False,2009-12-26 04:08:28.000,90,60011866,10000032,30002659,4,
274995000.0,1.0,29668,32767,1409663329,1,1,False,2009-12-26 01:10:55.000,90,60011866,10000032,30002659,4,
274999999.99,2.0,29668,32767,1410631283,3,1,False,2009-12-25 14:56:26.000,90,60011866,10000032,30002659,4,
275000000.0,1.0,29668,32767,1409887913,1,1,False,2009-12-24 21:22:53.000,90,60011593,10000032,30002672,9,
275000000.0,3.0,29668,32767,1409956846,3,1,False,2009-12-24 22:26:06.000,90,60011866,10000032,30002659,4,
275600000.01,1.0,29668,32767,1409313805,1,1,False,2009-12-24 10:18:12.000,7,60011851,10000032,30002734,6,
276999900.0,2.0,29668,32767,1392401521,6,1,False,2009-12-12 16:30:03.000,90,60011866,10000032,30002659,4,
277000000.0,1.0,29668,32767,1410140012,1,1,False,2009-12-25 01:45:51.000,1,60011980,10000032,30002660,4,
278000000.0,4.0,29668,32767,1407050817,4,1,False,2009-12-22 18:56:53.000,90,60011845,10000032,30002735,5,
278350000.0,1.0,29668,32767,1392696581,1,1,False,2009-12-12 07:35:59.000,90,60011866,10000032,30002659,4,
278900103.0,2.0,29668,32767,1396363908,2,1,False,2009-12-14 19:44:17.000,90,60011866,10000032,30002659,4,
279999999.0,1.0,29668,32767,1407721590,1,1,False,2009-12-23 04:46:13.000,14,60011866,10000032,30002659,4,
280000000.0,2.0,29668,32767,1388209245,2,1,False,2009-12-08 20:29:21.000,90,60011866,10000032,30002659,4,
280000000.0,1.0,29668,32767,1393906078,1,1,False,2009-12-13 01:48:12.000,90,60011866,10000032,30002659,4,
281000000.0,1.0,29668,32767,1392785223,1,1,False,2009-12-12 09:31:01.000,90,60001867,10000032,30002659,4,
282000000.0,2.0,29668,32767,1383553748,2,1,False,2009-12-05 12:47:03.000,90,60011710,10000032,30002666,9,
282000000.0,1.0,29668,32767,1385020550,1,1,False,2009-12-06 13:42:54.000,90,60010582,10000032,30002662,8,
282000000.0,1.0,29668,32767,1386896209,1,1,False,2009-12-07 19:17:02.000,90,60011977,10000032,30002660,4,
282000000.0,1.0,29668,32767,1388085982,1,1,False,2009-12-08 18:56:01.000,90,60011140,10000032,30002717,6,
283000000.0,1.0,29668,32767,1383479960,4,1,False,2009-12-05 10:38:45.000,90,60011719,10000032,30002667,7,
283799999.0,1.0,29668,32767,1387496652,1,1,False,2009-12-08 16:32:59.000,90,60011866,10000032,30002659,4,
283900000.0,2.0,29668,32767,1381563723,2,1,False,2009-12-03 23:21:14.000,90,60011866,10000032,30002659,4,
284000000.0,3.0,29668,32767,1385020224,3,1,False,2009-12-06 13:42:38.000,90,60011866,10000032,30002659,4,
287910001.0,1.0,29668,32767,1399660876,1,1,False,2009-12-17 12:24:21.000,90,60010930,10000032,30002732,7,
290000000.0,10.0,29668,32767,1385291978,10,1,False,2009-12-06 17:03:57.000,90,60011866,10000032,30002659,4,
290000000.0,1.0,29668,32767,1397204859,1,1,False,2009-12-15 13:03:42.000,90,60011866,10000032,30002659,4,
294980003.0,1.0,29668,32767,1308517986,1,1,False,2009-10-04 07:17:17.000,90,60011866,10000032,30002659,4,
295000000.0,2.0,29668,32767,1304477765,6,1,False,2009-10-01 00:28:16.000,90,60011866,10000032,30002659,4,
300000009.0,1.0,29668,32767,1397651888,1,1,False,2009-12-15 20:39:07.000,30,60014743,10000032,30002648,7,
305192555.0,2.0,29668,32767,1377585454,2,1,False,2009-11-29 22:32:36.000,90,60011866,10000032,30002659,4,
325000000.0,2.0,29668,32767,1377311484,2,1,False,2009-11-29 19:11:04.000,90,60014551,10000032,30002672,9,
329000000.0,1.0,29668,32767,1369519644,1,1,False,2009-12-18 02:17:09.000,90,60011983,10000032,30002656,4,
262000006.05,2.0,29668,-1,1411002561,4,1,True,2009-12-25 23:33:00.000,90,60011866,10000032,30002659,4,
262000006.04,1.0,29668,-1,1410403195,2,1,True,2009-12-25 23:32:53.000,90,60011866,10000032,30002659,4,
262000006.03,1.0,29668,-1,1408508555,1,1,True,2009-12-25 23:32:47.000,90,60011866,10000032,30002659,4,
262000006.02,1.0,29668,-1,1409441233,1,1,True,2009-12-25 23:32:40.000,90,60011866,10000032,30002659,4,
262000006.01,1.0,29668,-1,1408373319,1,1,True,2009-12-25 23:32:23.000,90,60011866,10000032,30002659,4,
261000005.0,3.0,29668,-1,1410659474,3,1,True,2009-12-25 22:57:58.000,90,60011866,10000032,30002659,4,
261000000.0,3.0,29668,0,1411069020,3,1,True,2009-12-25 22:15:08.000,14,60011866,10000032,30002659,4,
260701001.0,1.0,29668,32767,1408331718,6,1,True,2009-12-25 22:11:32.000,90,60011866,10000032,30002659,4,
260701001.0,3.0,29668,32767,1411340162,3,1,True,2009-12-26 02:53:57.000,90,60011866,10000032,30002659,4,
260701000.0,1.0,29668,40,1410977500,2,1,True,2009-12-25 20:51:50.000,90,60011983,10000032,30002656,4,
258200002.01,1.0,29668,-1,1410469072,1,1,True,2009-12-25 10:20:07.000,90,60011866,10000032,30002659,4,
258200002.01,1.0,29668,-1,1410457096,1,1,True,2009-12-25 10:20:44.000,90,60011866,10000032,30002659,4,
258100003.17,4.0,29668,-1,1406383377,5,1,True,2009-12-25 05:20:23.000,90,60011866,10000032,30002659,4,
258044444.44,6.0,29668,-1,1410191727,6,1,True,2009-12-25 03:01:14.000,3,60011866,10000032,30002659,4,
257301000.0,1.0,29668,5,1409228222,1,1,True,2009-12-25 06:33:44.000,90,60011866,10000032,30002659,4,
257110000.0,2.0,29668,20,1406864988,4,1,True,2009-12-24 21:22:13.000,90,60011872,10000032,30002657,5,
256648008.0,2.0,29668,32767,1408647133,2,1,True,2009-12-24 23:26:11.000,90,60014740,10000032,30002634,2,
256500000.0,1.0,29668,32767,1408996161,1,1,True,2009-12-24 03:25:34.000,90,60011866,10000032,30002659,4,
255000008.0,3.0,29668,32767,1406598610,3,1,True,2009-12-23 15:03:46.000,90,60011872,10000032,30002657,5,
253402200.0,1.0,29668,32767,1407728461,1,1,True,2009-12-23 05:05:46.000,90,60011866,10000032,30002659,4,
220000000.01,4.0,29668,32767,1408157046,4,1,True,2009-12-23 15:04:35.000,90,60011872,10000032,30002657,5,
220000000.0,1.0,29668,10,1406373877,1,1,True,2009-12-22 05:40:08.000,90,60011866,10000032,30002659,4,
219999999.0,10.0,29668,32767,1405554999,10,1,True,2009-12-21 17:58:58.000,90,60011866,10000032,30002659,4,
205500000.0,5.0,29668,32767,1401758747,5,1,True,2009-12-19 04:26:34.000,90,60014740,10000032,30002634,2,
70000000.0,4.0,29668,20,1411054806,4,1,True,2009-12-25 22:02:08.000,30,60011566,10000032,30002715,5,
27499989.0,10.0,29668,32767,1397241367,10,1,True,2009-12-15 13:53:55.000,90,60001867,10000032,30002659,4,
25000000.0,4.0,29668,32767,1390053360,4,1,True,2009-12-10 06:15:48.000,90,60011866,10000032,30002659,4,
3000000.0,1.0,29668,40,1402016000,1,1,True,2009-12-19 09:46:20.000,14,60002476,10000032,30002731,6,
500000.0,1.0,29668,-1,1406803121,1,1,True,2009-12-22 15:23:27.000,3,60015016,10000032,30042715,7,
350000.0,2.0,29668,-1,1372103669,2,1,True,2009-11-25 10:39:07.000,90,60015016,10000032,30042715,7,
309000.0,3.0,29668,-1,1339225856,3,1,True,2009-10-28 06:48:29.000,90,60011983,10000032,30002656,4,
300000.0,5.0,29668,40,1408331458,5,1,True,2009-12-23 17:45:29.000,90,60011875,10000032,30002655,3,
280000.0,5.0,29668,40,1381658978,5,1,True,2009-12-04 00:49:52.000,90,60011566,10000032,30002715,5,
269904.0,2.0,29668,32767,1408692718,2,1,True,2009-12-23 22:35:58.000,7,60011848,10000032,30002731,6,
10000.0,1.0,29668,32767,1406542907,1,1,True,2009-12-22 09:25:09.000,90,60015016,10000032,30042715,7,
277.0,1.0,29668,40,1336557093,1,1,True,2009-10-26 01:01:27.000,90,60010924,10000032,30002734,6,
100.0,10.0,29668,40,1332177020,10,1,True,2009-10-22 21:31:48.000,90,60011872,10000032,30002657,5,
